spin component 1

k-point     1 :       0.0000    0.0000    0.0000
 band No.  band energies     occupation
     1     -25.0878      1.00000
     2     -10.0830      1.00000
     3     -10.0830      1.00000
     4     -10.0830      1.00000
     5      -0.4932      0.00000
     6       1.8213      0.00000
     7       1.8303      0.00000
     8       1.8303      0.00000

spin component 2

k-point     1 :       0.0000    0.0000    0.0000
 band No.  band energies     occupation
     1     -21.8396      1.00000
     2      -7.0543      0.33333
     3      -7.0543      0.33333
     4      -7.0543      0.33333
     5      -0.3594      0.00000
     6       1.9830      0.00000
     7       1.9830      0.00000
     8       1.9830      0.00000
